0
0.011199680422760165
0.015197059255058036
0.036071574866911524
0.0707598335780572
0.0724138302523697
0.09807069910571059
0.13533071512788217
0.14832783554426854
0.18816394231191752
0.19040141333595323
0.21021137512917593
0.23485880266219755
0.24881856720013668
0.2797625097614174
0.28837137090201176
0.29113089808303105
0.29588170440993816
0.33184878350297076
0.3501536078481615
0.3506716805591414
0.3703403156120392
0.37614049511550013
0.4041355203108519
0.4275205499770944
0.44809973585749124
0.4527895142652065
0.45403921453012897
0.4711377466700404
0.4910310023481182
0.5144535635032548
0.5413161955064845
0.5675781271680235
0.6025743694700523
0.6240755367248472
0.6577656494370293
0.6726980748688297
0.6830089139334402
0.7133709804357392
0.7263334202625559
0.7298970215839686
0.7374938128424989
0.7640116683236514
0.7860672665272749
0.8061749808717318
0.8123619496776358
0.8231305754350284
0.856324899785966
0.8879726757466324
0.9187947962913967
0.9522708943809842
0.9739621566698183
0.9955051930874144
1.012635649899569
1.0520891297433328
1.0630001539691558
1.0970535584414536
1.132989146551929
1.1533349631602283
1.1848159368759736
1.1850566435765497
1.1912127570390618
1.2033123997774045
1.2044570852725927
1.211925364287558
1.2284017747400038
1.2482891778753802
1.2779035212660435
1.315861807362003
1.3345169569812583
1.3518810750937356
1.375502952760767
1.4045373013453435
1.4204597905974614
1.4262697289498973
1.4582347563171751
1.4822064987345642
1.5187480015858703
1.5217287969213509
1.5600618775226058
1.5893930068164033
1.612727682095533
1.6243934685921242
1.6355117990647918
1.6711582415533344
1.6718941723939762
1.7086799843800564
1.7294289989810552
1.745737243781335
1.7724084487715928
1.7905845354754917
1.830565312206648
1.848092843100872
1.8747241875320029
1.9032995781933302
1.9417371960403014
1.956808235013141
1.9883235205124492
2.006943202372267
2.0265238590561516
2.0433830690225925
2.068574857060898
2.0895468146348564
2.097007968028757
2.12117993801933
2.150211276144396
2.1806837845802907
2.1970743019428265
2.236568489392102
2.256122836232174
2.2890328614872577
2.3066759856595698
2.3176965769575815
2.332385129959781
2.3483956964938866
2.3744466591528712
2.3747779225958237
2.3764036866435228
2.4098297849893973
2.4128313546722886
2.4439215133642604
2.4696824500973187
2.472335590184139
2.4996015709885597
2.5044072442886693
2.5167122155843673
2.551010249797371
2.5577395651531276
2.566466208834935
2.5885888634849232
2.6237152176434617
2.6297506018624035
2.6327115554705682
2.652807143933913
2.662849877084853
2.6969230954444554
2.735240843872427
2.7381415650864755
2.7435565816528094
2.7569483153784433
2.788692467445334
2.819794368255967
2.837060671474323
2.8613051994630103
2.881294908300648
2.890460948382844
2.9073980579281207
2.9440832332623326
2.9461501815793354
2.963676345654042
2.9723365742516483
3